// Neural-net version: 2.0.0
BackpropNet
{
Net
{
inputs = 2;
hiddenX = 2;
hiddenY = 5;
outputs = 1;
activation = 3;
hardware = 0;
streamSize = 4;
biasEnabled = 1;
}

learnParameter = 0.050000;
}

W40:-2.433896, -2.631250, 1.358727, 1.724446, -1.131578, -1.419013, -1.028908, 1.845376, -2.371869, -1.881459, -2.571553, 0.280676, -0.822412, -0.355518, 0.373125, 0.438067, -0.257008, 0.783327, 0.928355, -2.861777, 2.793073, -2.091968, 0.418839, 0.660498, -0.052328, -1.456134, 0.464740, -1.049252, -0.042554, -0.075220, 0.058430, 0.139663, 0.138054, -1.083630, 3.493081, 2.655000, -3.705407, -3.741851, 1.153581, 4.524400, 
B11:1.053708, -0.491217, 0.324421, 0.623762, 3.124021, -0.070636, 0.384439, -0.187738, 0.386464, 0.733297, -0.769444, 
